144.4
124.2
113.8
133.8
104.4
95.0
135.2
49.2
75.2
71.2
59.2
73.4
64.2
61.6
72.6
64.6
78.4
66.2
72.4
55.8
77.4
164.8
109.6
74.2
65.2
83.4
76.0
77.4
233.0
101.8
62.4
61.0
64.0
72.2
64.2
60.6
69.2
69.0
61.4
69.2
66.6
66.4
57.8
58.8
58.6
58.4
61.4
63.4
60.6
59.6
60.4
56.8
57.8
61.4
58.2
56.4
56.8
54.0
54.2
55.8
52.4
53.8
57.0
54.6
54.4
54.2
54.8
56.4
58.6
58.6
59.8
57.8
56.6
57.8
59.4
59.4
58.2
60.4
58.4
59.2
58.0
61.8
61.8
58.8
58.2
59.4
62.8
65.0
60.4
61.4
72.8
69.6
66.6
73.0
87.4
105.0
176.6
214.4
374.4
297.2
375.6
269.4
370.6
667.4
1179.8
1633.2
2065.4
2830.4
2830.6
3408.0
3743.4
3766.2
4313.0
4820.8
5508.4
6269.0
5812.4
6482.0
6431.0
7516.2
6786.6
7002.6
7089.0
7754.6
7239.4
8105.4
6943.6
7263.6
8221.6
7865.2
6840.6
8096.2
8095.4
8110.8
8973.0
7739.0
8772.4
8992.8
8322.2
7815.8
7208.6
7917.6
6315.2
6074.8
5624.0
5093.6
5012.2
4202.2
3419.4
3639.8
3091.4
3163.8
2700.4
2794.8
3004.2
2967.4
3282.4
2699.8
2135.4
2525.4
2513.8
2466.0
3040.6
2817.4
2356.2
2593.4
2671.0
2919.0
3047.4
3661.6
4032.8
4903.8
5729.6
5757.0
6672.0
6532.4
6657.4
6918.0
8282.8
8304.6
7821.4
7588.4
8833.4
9719.0
8711.2
8888.6
10258.0
9731.6
8970.4
8566.4
9782.0
7922.6
8658.4
8180.6
9625.8
28496.2
34900.8
32741.6
25659.2
10263.8
8195.2
8477.0
8271.4
7658.2
8063.8
8303.4
7885.2
6505.8
7350.2
8276.2
7204.6
6353.4
5819.4
4942.4
5028.8
4742.4
4973.6
4123.8
3536.6
3548.8
3253.0
2941.6
2817.4
2100.6
2068.6
1901.4
1369.4
1257.4
1325.8
1191.6
1004.8
960.4
754.0
815.6
884.8
1231.8
1045.0
1496.6
1239.8
1429.2
1256.2
1342.6
1117.6
1462.6
1272.0
1228.8
1190.4
1529.2
1042.8
632.0
1044.2
871.6
631.2
509.0
586.4
552.8
455.6
520.4
430.0
285.0
678.8
495.8
733.4
527.2
340.4
370.4
312.8
302.8
318.6
253.0
182.2
255.6
173.0
93.8
146.6
146.4
134.6
149.8
111.4
129.0
159.8
124.0
141.8
108.2
157.4
115.4
148.2
162.4
200.6
